300494.SZ	盛天网络	78547500.0000		28.2081		35547477.7100		212686.3600		    65.4686
300571.SZ	平治信息	10000000.0000		109.6357	54584754.0400		15888222.6300		163.0252
000503.SZ	海虹控股	898822204.0000		42.8812		79346022.8900		1015416.5800		47.9158
300052.SZ	中青宝	    260280482.0000		25.5403		84429978.0800		37812665.0200		47.6121
002095.SZ	生意宝		251555073.0000		40.3250		125307029.3000		3311181.6900		36.0938
603888.SH	新华网		51902936.0000		80.2549		302760991.3600		421538700.4600		141.6754
603444.SH	吉比特		17800000.0000		279.3884	338423734.4800		5867406.4000		145.2210
002315.SZ	焦点科技	60581927.0000		59.4845		364394955.8500		41208174.2700		39.1503
300031.SZ	宝通科技	222733510.0000		20.9354		389494040.3000		47152022.6200		47.9224
603000.SH	人民网		1105691056.0000		16.3316		419935039.0500		15166666.7500		35.1834
600652.SH	游久游戏	643793625.0000		11.9723		446157671.1800		3405940.0000		38.0155
002467.SZ	二六三		659369992.0000		10.2166		527887974.6500		11151645.5100		42.3419
300242.SZ	明家联合	319793275.0000		12.6591		586301060.1500		48757321.2200		87.8159
002439.SZ	启明星辰	558910604.0000		20.9579		689733545.7800		66172254.3300		37.0584
002354.SZ	天神娱乐	151075342.0000		62.8722		722388308.2600		193781409.0400		25.4397
002175.SZ	东方网络	517996068.0000		15.2883		784300826.9600		493315097.1300		37.7107
002558.SZ	世纪游轮	64396500.0000		61.7359		829375604.0300		16864047.2000		51.1798
300113.SZ	顺网科技	407796095.0000		28.3830		875070717.6400		25335332.1800		46.8993
300343.SZ	联创互联	233866149.0000		23.0315		930033258.4000		21364725.4500		53.9218
300431.SZ	暴风集团	192047154.0000		41.5141		1064461504.8700		211299121.7700		49.0639
002174.SZ	游族网络	307942910.0000		26.5906		1350069321.7700		591715924.4700		48.7705
002555.SZ	三七互娱	659754869.0000		18.1056		1376082025.7800		10094719.8100		76.9000
300418.SZ	昆仑万维	444226805.0000		20.2139		2139902467.6800		736636463.2900		43.1621
002131.SZ	利欧股份	954487988.0000		14.4675		2627808434.8000		583887558.4000		34.6246
300226.SZ	上海钢联	147794508.0000		39.4853		2697293260.4600		103758017.4300		31.9906
002624.SZ	完美世界	308935152.0000		27.6904		3702021698.8300		1529892280.1700		42.8603
600986.SH	科达股份	452373293.0000		15.1326		4267713240.4800		44379616.5200		32.1344
300104.SZ	乐视网		1262271585.0000	36.3033		10236237965.5300	8735520243.6900		27.4150
300059.SZ	东方财富	2648240724.0000	15.8959		11938778512.9500	523340338.0700		78.7620
600804.SH	鹏博士		1389609573.0000	22.1641		12317734935.5300	1688595977.7600		30.5785
